185
-475873883743687000 -28599616623486681
127604606295632648 438618321483480075
-478548980802953487 360223445998053771
589820677689708894 -595730641988065072
505202937464460404 -40454665913389509
-857039637868462470 -61532752649298580
-37727110645964940 -653402802173401852
3946903394754229 335187263754791858
38601489444642412 439904269252790460
251637332100009678 115662835148068832
55438935735012075 29209309045913100
150523536120445008 3075245096202114
315224042706773784 6363391915815116
-98696995808583886 822271424372129660
-12612749919281966 277072418966859606
-365243586116579664 -639287362948248470
115794314070345680 -357599268075272776
-220891507346308038 123872762973668436
131127635250735600 595010495629533360
-201208339464157686 -139421008292183496
589202910726357260 280535746747126366
190580233961396097 -344378964952195448
-19728042641042175 238463269084348355
-122355900746512157 -418273769490884135
-388325044221997536 116487093605740000
233121523829178040 -5111843933599676
-889040318400867062 -497764046210697980
-571655830535120875 -282186035999605008
440143059883761008 260952684790095720
-168876850122873699 166724258241223124
187762105577942572 -42925984773154792
16212336378264300 7190234295975735
-407330445391351988 1654228471633077
456966193664643770 43459490600915223
-773357182449955956 -355919510646909483
-946543625203645524 -51379659540337152
-504825060491233950 295934905133534540
-645271039670447036 -2550873140555316
-141197832967924768 37825852097938140
-176221056919908210 77218040124280170
-399828694386705801 931771625885585
867706729755594785 -138414994241837852
199261033195413035 -75962064966538589
76820200847508657 20618553491081021
-169089199075855427 131637108271336944
95024764391165946 319452964997134970
258868282674833424 -240540587553277818
83929643301933408 11962053608445794
-443593305393979422 467763713785494590
440839473301466628 576791337826506000
627170513394242230 -558119444897907711
-383918230243762296 48095005516427352
351821923711366530 425672884979938635
-22230675185665240 -164962308264963196
172145533974741436 456179519211180984
194576152522880177 -471230520994680288
-468888181576121528 -752822875882563284
-798170364995641725 1466695220534816
380664777368044593 87442818485038330
-107511238169817258 -475923427116928668
-13297313534331780 -165104792289159207
326047601593523520 62112824304858432
394244873642543364 -14928828552423723
-2681901041900162 -100490730996913968
-73174915622704005 404483364362216832
174805138492678369 -107965290423157098
235919565717414624 -539579714550687488
379208425799144110 447504063947530454
209190050185400096 -27033180876952488
-355169470652117457 -74013623778849525
-282317065849637400 27699462667496130
48661518739584146 178516622770088367
345649465314587208 79687389461298696
-674747014979814840 53801840828009080
62797089824592942 -390152568114482578
-356045860616005552 942833607406547391
-399134862823937130 445483126979548935
-371791099109314668 20577074271208221
-357228800293604680 509036653251627228
-111758176714216812 -240463972931866270
-296677045804247030 -72740766090269236
95087315838411992 151623237050768952
-337924610918021715 -78209034559394305
166925086299049260 100034794136209199
7761046635577254 -131830965913170678
-437303280631053570 108293734155374625
-172161455481185369 -2975799703256688
-693991131564805778 762703592966259936
-349035558454277310 734149688759420375
569756694353952820 339886429516794536
280644794255453984 -163803287263280872
463971917768180000 306942891066250725
511398068841794071 338320832121262632
-127904003152161504 -535557031883033780
149954376786926817 -7635111897856960
463636842582800520 -182915595581443695
-167152312332966120 112499400827187184
39431125202497066 -20216434198020202
826019144458780000 234116570874232699
-463107802866938922 22433121175793520
-51436633372876512 -178094719171101040
-134821220144626680 -539153391130787350
-430180508206757241 28830438070767580
210897214913068255 -609405546936789
-120371404431309044 -140227305356510742
696869884335606048 713108526020319728
-261497491524578062 -319318636541971608
235669694624771448 -760004570685772574
-348088080161597760 -35207516837669400
350566540264594566 502190323463319664
-460938422993486993 162773340196789440
-73093489674257124 77060004238690712
66341234393826042 426764939288831198
-532964282153017680 60817631663511199
-446026625269363830 -13989605842325765
-128899335296503629 582422405224109715
-443499363641040408 216290293404933378
52325660660525886 -536028182679693168
564899167845676378 -404607424315008137
-247092061591311663 380599709912468921
-98517606780194856 -366266345738568848
117907916976815458 507092728113073472
-132417083025312440 -363623279341800852
244057614120244402 328293376996346108
-9452823369191730 -288771108006556800
507283365378532245 -622556061824924280
-2253706341819122 -310037598443734917
289918838595701898 273039122806781058
639585385696136678 -9875219474020725
346957104077861172 -114565091253553827
-71652696581148960 159775709420386242
109115680916301874 -461563546948880576
-69090947973589434 499740841215647240
-60249909058622055 -130533821840392340
-982463245040157052 -321076300801364304
76191054407188434 -453210224713796592
767175138881594859 -121602119690957720
178436913810169693 426152925330547600
-53775155907627924 -36806753053446687
-242724015088654491 -14207870828390276
-11656040505652540 -349270968752364976
944689093913195260 657842222060167675
-193750436187748080 -532239835908874839
-112145898196930481 -51319365885139284
93667782278994162 -356406931969844028
-106194086766543621 781559717335589197
-691482346078054352 435563833810377384
-827891860881072674 -144715536198250698
89139841167649776 -56674986093629226
416308798621054105 339041353832013320
538470115432665309 -69660097802384098
-610360634469868481 400706663896398909
707266209649624218 356815109118133704
-396075479430019009 -134231466518187768
-666444798633610670 207006620391232224
-267360914595754595 290154386161585434
590689220658092920 352068574224553544
131020430414035641 -569346541826217120
367633617267600744 -141510153210198130
360511755348862825 -524580664966777500
-571455311604922856 -559315852783922190
-343173095660123311 785227732901312960
-37516899319600428 292430564094139056
-19043906563074603 -798967541496223168
-20641784726190168 285663100961158240
85347761809848465 -799502730203647008
300595598139336581 -158619666921744684
355857882136001478 54953918965196364
487400217962009646 46398570621634340
107922979788020250 -739285053039769520
532423012851777888 -72416617712044640
-42201430880212438 45124425844595274
-622907735419155780 -325739642875522920
-304532989927131234 -18614855040813668
-721708163666909646 52805448119568408
-87613754541012046 -994898104141469388
-514327370435301864 585304331563814800
95855536097635057 46027386285780042
467161069265363574 235168212135618960
886603307268781942 -746966472274634482
-745906914412429172 399165425961415875
-460577705643558530 -34489234347332670
-675777353892306198 260302330558914876
-568751744077892235 -746966717280935676
384462643172013468 228785970421489662
