200
-30984950 31013671
94770093 -76329467
-25376703 -90971524
57130967 3454030
32511256 27335143
-98918160 73204573
96934442 -86269048
37915633 -29049488
69378754 29511551
-22998410 -35927321
43824997 955962
61327266 87495241
-28712049 -20689870
-6147334 52963911
12124657 -70387092
-55115607 -1722047
94786841 81731978
-42555591 -15382326
39039365 38107377
-27326855 11435048
91829382 -96180114
-2387953 -18285262
52145036 33152694
6908241 10158591
-44566552 88864182
55355620 17110319
-28829349 49930946
34383058 -16053960
-36919833 67790543
38624995 -45547257
64074020 -51253493
96894928 51182425
-35835197 62614963
-1513857 -71343392
98274699 -95368916
-13617425 75733871
-49678895 -61233247
-89294637 3693325
79593998 -50249425
60696812 -40831775
73256745 6566796
-56235931 -65233766
60421651 -36256974
34908657 43623553
-30715179 -90535246
70627946 -4036732
33072859 -71389651
-10720527 -17139946
-93971394 87699823
17067109 -71597230
-58368410 -77456995
-3879801 -32865707
-51574392 -91749124
-1445471 -34397199
53649514 62544634
49305306 37653359
59418940 43778768
-69391958 72918734
68510600 53215133
1696768 45864667
82951930 68282377
-308269 82942662
-4868570 -71346787
60775731 18568151
-42555394 -86296942
52359961 -69099752
23819418 3683788
-92986093 2865999
-24130987 -24706355
45984808 -40838355
-50278287 78606205
51076411 27117158
19545273 -76703290
-50971049 -1005129
27119821 -24956015
54375201 13576793
-26457312 -69405344
-17249487 -9928641
66905368 -22578398
-87046215 15706540
-62207571 -55407971
-82997290 -37345457
-16950617 76845657
-25221501 -42101703
-80031529 91131307
-16160779 320582
-63402060 32740477
-93765909 98208380
-50966259 -23140467
-96101153 14547681
-59486150 80372608
88275812 73628797
27380538 -61358051
-49917416 -64422258
45807946 27407487
-83897963 52576990
67132420 12373266
76080951 -1822214
9363643 25542952
-73189960 21849243
12862780 89807141
75591350 -41977195
-83508344 68963398
-59739264 49821725
84727611 21196347
17599841 72947066
-6768700 26612724
26983650 -36704682
11975276 543873
-65627401 72746180
96090470 66510194
21499314 -9270743
57634941 -63515423
-37562324 -87265508
90582414 14376586
58941262 23360069
-2410310 -87339355
47772848 -67996475
-24203512 57225975
-85709481 -22183386
37844470 -50442819
40744955 40015390
-85532445 -28017413
22304190 28397924
-34784434 37413941
22962382 -13019835
-63996728 -30305026
24562753 -80919589
14989582 87979349
-12144014 17625671
72954793 59976882
37811141 37795118
-62011047 91733754
-182178 27461785
-90594190 -29606892
31773848 60297995
8432503 -10823250
-82344077 -103356
4039215 -32444673
-1779724 -84277021
15258748 16434365
-93260483 -36515925
-92434580 -35080025
-40890138 -20146731
80411414 80150377
-88574742 -90170149
65656558 -83716555
35839402 71388637
-12229553 -31465922
-60502287 -73769624
89647656 -65312567
12409960 -3050819
28125967 91197709
-97923243 -63198544
-19764055 -13458191
-21238503 -2369101
-1465868 -71086267
91676564 41238388
-47234138 -80443573
-25507684 68226658
2179297 -75945220
-15612655 -75090279
21912875 -64063247
12351789 -13993404
-80989105 -2604404
26425506 -80855080
-93573253 5709860
-44155953 20462056
-14626851 53215807
8214508 -12245192
-34329701 1945960
-85987410 -43127158
-79959253 -7738614
-19731407 -3344418
-12180563 44488261
82690867 81408858
88611023 -57746413
-59574458 20665112
-91776824 36612296
-49894490 44244555
8473359 16556470
81944557 22097466
76375445 70584304
45512200 23719555
66704900 47607701
72766690 -82180908
-46022961 59567174
34520962 -3270160
-65778200 74095150
-44053511 -45853521
-46432108 88692561
45132189 20917867
-81510198 -49598943
25855756 95908903
-48059893 -89250593
-59201348 -76879361
89773845 5068100
-76323713 70090948
-30013740 58074563
63199496 81535356
