197
-249365000829669032 382470819045063374
-620836845693885676 -196254321826400912
202625411574610686 463508611059603900
26139419774398180 -473510795517408060
61629431865665386 -37830162219916296
68895461945458415 97460004880381773
-917306991828625860 -134463211740302680
-101430385904100910 -987536958866782431
149817406362239255 -744649936369654272
-209273345918813206 -722646693248652354
-40220441287075523 -168766205996821545
559419829450072311 121068335827729696
599950185317808204 14654861670389712
-605705055816025464 -20948163036349583
721584596846710350 816025024299899706
-194489224078207707 -34079088590234385
163112095242006460 668725908696785000
153134137389012360 245179344223862330
-114857628547320222 604275626545320
-496605423918532203 -73136283501817605
-586067159706361395 130654618588101144
-621707688894967850 86690692087073460
207922112357117760 239814653113076265
-161755560417488400 46520943849001692
466576540751373756 11655439579020614
202925157616928990 -782163796633308855
-102211441205080084 -232074314412415050
8111032321863649 334842339989191172
543904102737914625 -429305411451854548
-72897584983907904 -169339175117712886
523835230759604458 -269982560514323550
-400075090102564643 160823162474184861
-31369367196631737 412838227863847521
-956460608928642233 -198634478607308328
71517357435335844 484611568113886192
-553733479708054851 44875342474482520
251594964822262248 -359215801382655665
-65671801107592756 -96029775524233887
110744527805895856 360446164731173376
-262877795744091258 555972952217132571
-65455946347429057 -30533009804276840
-264634973959021125 -392099795272459980
-131033026461722435 -142630066148302278
190692828999341530 -203710104898625133
-539325066175712167 -140254328262557952
694386779260856850 1215976749491064
338639405927871456 265381910655220605
-54273259072518525 -127530562156153732
-804760139987242829 -626928142153070187
141222273774906350 101270906047930513
-11840067521732874 310935415631098056
702537061268327557 -557993571546776645
-581079899361655680 112123012193750250
-181662456478496440 -654779485629614415
81791363202666120 -64998818931034800
-303167511523574865 -105141777288775238
497248015268324172 -171211051579775736
-446532119763575006 49400310747850835
-80195456346878780 -62503869598732521
-6783235918206686 -642135390689489220
-112887755162531568 422379792308453310
-752881924054936227 875102373532375352
-367681666033674960 -164200733924559493
-441431879463985446 -282684778057069791
-508520624827519560 -1435711232719404
153220897113887274 78682999599669780
18424163666756556 -217063834221710045
-55059446143468438 -9766873756012590
484127574555843834 968224587906834160
-914732087663897956 259037861512499772
-116184041346175064 363427522515085334
38786240919705630 42140511537929368
-304963217115185580 -426309226320785352
-318347534624121765 -58339623366818969
-98921858973432270 270922763866288128
-117742775879042706 -266164028804465568
336188835439589799 598896929399170506
549710365392407040 219775457841751695
-483491495461111560 -637234187537772500
-265735912727584222 581308920491714398
-361928501672720090 459900419901272130
-415316479584129284 183516428631709914
-567263507478364960 -601391585478017187
-502991001716385332 293453531075708935
-29016156002188220 -623111302804183
22718063662951524 203733425823336420
-3087624422561867 -454930075029896400
123892615028764200 400144602749742799
-233904333969207600 -245466175070310534
750983625474969460 27773105437978050
-183074092464093010 -213699988834581712
-720561145296486480 598853755666644320
-669045100975250240 -14773687682741696
64738273352394777 -214990703723474030
30419462105223130 565496897457054769
308766248256812482 55549910167223894
151800082494381314 -358951627374922996
834581459170683004 210933009939005618
489576580003411232 355234080038682139
246999383315466518 -408352472242915200
-92211237946363120 -12966316895618660
-44737276424996816 -158640890845622155
225289462146839382 46794718399054080
164795072236415296 -321407426885356494
769736263280059296 -17846672012031688
-920047951242730296 -284009861982424578
762427629177396600 -154646192875007684
-133230257631551027 123202070992714060
313754803799955100 -73710527127819120
-320845657586133566 -296564820852193288
473048316758124696 -158279468536348764
797414480521506392 288816976482741840
599077736205703500 -350562475022892506
-51627824690435469 321690186846565782
547915674015810310 429596503483027088
-69730056454056671 -47470401195210420
926789538182161808 -500492916052561530
-67850403208940121 -26090982312062613
189368511792037060 62669376704556468
-71106998088837522 -825387308360558768
-614751657457060492 -367012105500112380
29115805697784960 -364545884430031170
670133443922910400 105392050942168952
-17020724459678208 787676204308328939
641801503036808430 -156671085462174426
949666162653654072 -60302254695133584
-329193042241944600 207390717380077440
326213555388570795 -781297910837322336
-23745334750444272 327033146903140116
-265916691945692595 -74850878299635490
-101115795936719962 24567469148537616
205273722984410360 305261665804859360
561859563957063296 -281576952664316208
-627247338615467778 -236574059560459458
-166084791993266058 -155828407338132390
-74597685853146625 -419527548979842526
251241284499797358 317011556334927320
95333768842594080 -366683143807344000
620283888363281216 913788399155497544
28912430594799125 28844615928498825
121182436916960000 535622802973401733
-407202220405239294 -129095121810992076
-529865604649338160 -409462101707628760
-12046374693867063 108332190291057471
-827812114748818368 253313905873291804
-234475525402419568 -468264468385449666
-681092868651823427 -624890464699247920
47343453103786208 10857901191836958
-58577134262126240 726401563273012000
-571424390347070565 174598251304191843
728519026111915482 167485802237230204
-262946975982767147 575591817551919828
-441530374919350692 -284414888210432096
-34174933482405924 -7347248958055156
-69651521053931448 5934764010632784
-150419583759518984 -17410762177363337
25376859060700785 187708899808482313
-40688593486470387 606528511492698824
206849524630531849 -556505158250500118
570361431661222396 133190568227522952
202086436232326774 -783412692900246264
-66126902902287248 28232808687011433
189493796665653538 -514909554261204744
-1324980986739255 56024576250836702
-764219941512296224 57361612986057377
32308346649961350 -434016091662041135
373410376553554860 -191233138670409472
-30759350885411767 -148688317417088912
22500198711049737 -267390541901068460
28943923659015297 708110543512582732
-138765780479604942 296244368395136636
124639488856949325 233048973409028436
529849201990668656 -542212646215817280
-143226281071364764 -742734185065437116
-15791189018535450 15615938150590335
52192946244841534 -189309272525693355
265944535181298520 -120456866407006332
147158950746901122 983693327422753800
95232435894849001 29220742908601041
312378422652384634 -96723874935812175
502214806843844472 -23021678331676143
324399233825380920 360335702851787750
-437865053266342745 280681904557762590
480892946514183994 -70059422717488575
-46377230876061916 -148552934195854328
-91474014433231295 -46721717636763510
49410043148723564 50563278050926965
-566770248453138100 -799846577761054530
-21731439841084374 558323857600944960
-221521342462222895 68993279767992174
34926933024481280 -132819110717578362
90552566074821816 -549649692228375176
-223227439017533600 290679739706989406
379280662523402778 343708057464897472
-101026068861109646 -671165202063508339
413736409721192670 138323669579121388
770835774827251120 579486528426792210
