142
31724693 6628713
67400081 80792365
41081395 88903312
57502549 54527838
60411134 53632981
34484898 37323096
15474886 1060505
73522377 97981288
34885137 88281591
2282306 83445279
17278158 3677551
62056926 82184366
27960448 59891587
12669089 89178218
86942729 26410239
62310897 16390726
44161054 17241498
9405499 52554082
94761868 97202033
3635080 89307753
85184785 58936698
19824323 54884939
70534803 76620580
44862851 55720068
57981638 25163962
41454389 78873810
16219042 23354083
29675505 75793259
82504423 26798631
97779129 11693011
40365189 65703802
47164194 91762954
16461 6064834
3274190 5087331
65965885 51051569
44744386 93300135
85678370 49351657
66747938 62521830
64595720 17483365
78619532 73204148
30564804 90258712
30448553 20641525
69686136 11703757
58052000 40284410
54447852 1317934
77945762 9735017
79112259 18306896
74535766 918390
82617188 70518825
15885428 40554609
47242363 46596633
35969084 67195482
16310892 93423459
13391584 7296344
87623005 90820769
53507374 22315057
4437324 75786078
57136858 79223493
12413814 59573119
23186744 71115686
66555082 46631393
12264850 29970319
87818373 93707960
38936764 84247749
38369451 44943631
56267899 24100049
20642188 16836460
21687618 74862538
68323112 96584994
65971026 77928949
92694738 74499336
58772130 85432361
94481830 31947956
72667913 88338565
21187561 68372281
11774712 74308520
4899775 89131918
49203153 24628585
88005254 90602486
98187663 71381566
24406874 566706
43948321 57918915
5005230 5366623
30845957 90897454
48715942 79865469
41396666 21416683
22259892 61949161
46903337 13244915
26242820 50866284
91270269 44719996
83290896 76431416
47267098 19160896
18570001 13259610
307367 14150481
64307335 44671560
25639710 28935972
60910257 45371721
61566123 7188107
82382377 45186357
34047964 79168974
48730143 96181401
40917056 352901
76945711 31069557
59695890 88230591
88311972 35357635
11510625 29537496
22861856 85193404
42617060 37919666
67282933 45440151
61560646 50732907
64537296 28418027
79015075 34025130
57431293 3168036
2389837 21488214
45355311 6214955
33981420 40465899
22784718 40303808
33958972 87828987
99201167 75290618
96991880 34754522
85008347 25027571
133908 65848045
79733102 32922880
21341329 99817280
52643011 22564481
18218732 54783759
47071382 77555743
5472356 79425057
81699941 81972092
49124428 18578044
75942152 47644305
1282955 86075064
88444150 43956537
74221805 46503830
15846151 98671540
750040 61519996
78665433 22627131
29514166 61046769
51850022 21128263
96294763 37264426
81916572 18574671
45039340 4758125
