150
59344582828719025 418594031900057860
778105415051493070 7837167109480982
406146966334266352 360830786927762310
105105501327014303 100597447659005215
274320784597704318 134696551894439310
56955727151230402 226064521284224148
167774857981727170 481304239580904018
2048191879711992 340159084802438800
386345212293041238 19234651888007248
185121971378746220 326358999630710308
242183662289805184 807251390260837770
5309588969777820 65442964361353594
65990847045554684 809487329896572588
148834744818548607 96574016172586885
449435254430007012 139412033032422150
13190585768396872 9037151569067160
44901652333055232 98345095878821490
8112894825902736 110094935552642040
780340005132880290 307750794987329792
74125247136377816 777078464847334052
729083779431831640 277094338831612494
290709304037494860 755061912524839776
203619523043247916 111652820759985908
80193379908635469 29312529391495150
718830982609738592 335852167145116182
169071850578576060 1740522201175494
276960096105537221 128963492048245545
421728153167248140 367542510314309316
421987562473767880 250538271282560105
28237347076109360 144783765303227125
123298244150773194 134570086637606844
30238599959861985 444203606793998750
570359327144831631 92523425546719416
98855885210935486 215216293554705144
149893114509982741 459999338554334901
379699761591290088 12893952387683028
221895917852841925 112458907216273767
268899997235278920 278394606300289362
643954411935759056 916602559204262554
266646136362674180 823384730866200858
4969007723782350 334628526769763985
450474114520042860 211561151483011072
224138273856646620 336346226382591129
87776902311087696 183671918365450542
7305213705449289 288133409055106720
107422412425658346 7383586407101784
212464866503932575 275388372198279378
101293963969340362 316055229298834344
733230152080008744 236109693763560198
475202694589294842 8298698886742056
594391294770461336 760286973373434857
638408831452154060 356662010270428632
396061110958268496 126728859393102950
888763181791784160 333474629024613650
220615361435681616 48970083605524522
569050938338816320 256378309506843318
812069266026643896 56331083594721420
249680153962304064 72191399044615759
23551697111472040 576910245937421100
459128662807144928 371924636315206272
146563069480199295 161380968886201610
231088452533656274 103139685156820509
59160344971113140 61686410556073248
569086328882164023 281149032010283668
52499603415991195 4607088324518140
351050617504984684 129700907416429965
636717670446322560 106281890848041952
12078972329885568 1585590451748502
200009111064808265 80292891067367264
53876999655048015 28402069151586956
234295244863119066 144487605727674100
517624443474762825 376997269322601136
156161549820888892 163300091928137880
454893325210439680 49880567798700285
436306513555815012 814478591494186201
51687911098087936 121154367840203393
319350253872852332 366202196068534244
44848569352861953 74885936584443564
242751722014174644 343775060144050714
355074128286328121 580583372643529425
224871428044058664 830621303169573630
334580579340018124 199440470400270584
436274449054737448 305394668978789028
39285330339361348 206103110544952317
258667167979127223 158770832430911258
70853405988961056 898290735286000472
54458811570608480 224912498071811513
548218598059936146 68926383303464996
267229460164683390 363815983108959559
72686577625441128 80266131374309504
501156218966970672 643887188131379448
872648527924631535 310022016115553152
157029973340630286 43616466378936612
94615037338462228 316770092854717122
154317744523191831 1170757882829346
191422454356384900 75514608089992090
141283424154664287 527971301483173372
104682565595729112 344059910948300704
314918565535228145 718565623249849605
793718483877995016 532281745370886888
264456720248768236 211738790543302872
292525287201189088 258496583287224919
4310533919127358 439504104592126488
229344374796453334 983101875985819240
618068915141850405 59928458021770320
367945961145575344 24139620466526050
19966606907642864 161797616480553830
593003340088857232 252070187977521277
163124907360651720 205360136718867075
741229688219587152 79046548237898640
21207735750500028 116108316669298908
715289041035283720 154302821372996568
644732103397481094 11834226711747858
509678148977729550 105147552526281738
33516583154146626 532681641995098265
10169601220679900 512714048310759062
2010390426453591 195782221105843500
302622836064757936 244209562604934750
92966304803599975 458622422466530245
226099560728667212 175334232510859878
423515861638407780 172363235255816628
580398338813301200 773546754263953280
324462821100397320 290239824406645376
197277027197637738 292462250068112036
111958598291966016 431931455566297968
157188092716382130 792193391078166399
550608453481013004 78721437612504296
174078440402456513 10850875296310323
419528951214423339 371091446788504798
592052545353108654 460812858279075994
369570091329524460 14538041873600990
372571788833915184 62295922038795105
718139610434113552 205038904139917752
1139447662282189 495815991599720358
874510155118239825 988235985855578631
158960150211129750 311392690739870880
912553581797971100 66981418553901852
589301948464661523 680309881699169736
8518881625569720 647684753223007408
555107398901955477 734363588980133856
159384988440888973 145260287528292597
435255827315280835 456235173839061880
111488129762366660 861466706984505600
269300160096281952 207634080594313386
6335648492145350 329293768699837876
26234316930019198 227992263009982653
177192039518449096 356863273010033796
232638908850463292 100195683075450027
166714310973918780 266860936007983920
166569045966977940 92069409590645292
