200
157573531336610846 67265346874929008
135454300942226492 60689185507694719
183697761826348992 53083428550248192
85793458633054419 453655970878458005
159492939922312256 102248971469499228
807263953622138034 399779385948168608
333487815135852006 293150836778958060
260365859230454670 394877298262658049
349230184173066798 553615290825872988
421708877142099952 20438729663277592
372245916588484909 2255014461987015
116891105449537668 240961332288415170
187034916519200100 89050848017224680
20324026186558205 26037519844435800
389785630495395750 611058332380636324
744748086588205055 880748467783521136
434204131168356396 412347905363523987
173261583746918288 105335566932472718
702150107083351506 48352026451303818
287039176938205792 116568206054460594
85470821248455148 48136800024601596
90806511752943506 42066388611870376
69399068273273116 240703432484775169
667531027424410470 128281213080165141
13097355262729973 241172221425479118
111279395746371521 512649194584337218
88302924296040790 584168847014182452
288375936112813356 79116146806916176
14196488129600710 61473427965783592
631627016141567733 446341463839195512
399288131329517062 282293485424874
204109107847737816 17916611742429768
15362207210464400 518125396273021875
436155520596255643 541695649773196418
163589810810244195 42910482514883760
680238340095742848 391745173229829510
7976758302858224 328855350032532960
257673458048236697 72269390016891572
542257539981169077 593974350824876661
533041767507962020 166665770685028824
551293996881972960 496418723493583239
189976059810177678 198290504428882578
404265834291204114 410923284775719640
27412658972287216 32389577160788700
956524978433522244 990544462883621688
34050658793004531 320422331275093476
337817950218898191 229475511623877108
765203589942658482 360604041937098208
432014514547405384 274926152448750405
661352972480968950 28200120007251195
138016650618944760 14694743991260862
291978613586759723 231894328302242060
564881555479913612 49074583600933488
551846960727185260 95267929248385245
5197162167060864 174515085174366410
260893282597762444 377083072479621300
514026566024465598 270742222836116550
75698654913789423 437306514546812607
662813848635367539 922499766307548900
720866323794859200 312672777860414553
202623474759913499 9773771509513473
326968721058539580 731067761458645516
466501288786971368 284008906462034385
234096036298344168 746345384339428863
1180947484628678 13681217683022549
586403772748353456 385181363553389106
1665565023648718 96740741811427974
492787163275610831 78639989797304786
93005962986680359 191770917051914800
176525595734744904 28884095257000716
304992152244969400 494292360810663148
492117682703032730 261868235345394603
155959314575213633 122148881330988160
101792016723928300 77323493615839068
350743284350366007 286758087743501794
447065919091394752 2017288627008634
656117458171014712 8188306269511416
510379658009772177 582758720150264361
116080561714460064 338564045995283678
702469121598967008 158142449066235552
99387340090529160 83245407476350119
75193916372930382 61209811271329344
607926769107067850 280124146757597480
31076948362132560 224671888003006620
38429720223502320 624543212293039430
889637192280580345 647578085037028758
175643642009524248 281814572336045762
954194790903881406 172089480002576675
451909460798576744 436015213265941600
803597924444349685 3455789769264937
295062013803696048 20428286053170000
183338793444244812 387552651732544285
70141678244640888 398842978214462572
208736253607377900 312154178921999721
95189281276635694 179912920866119105
456553718636536998 140433591337527367
140346590881272490 189034264902184695
648068358784067275 420640834917394920
80395452369560925 17752149544952376
516393669574966280 352254692081099706
649190749758695703 404003409609139665
294528770099359734 685289530347744311
451787332011814926 154761826071860810
396871802584828410 160577800008093744
15747857222031165 289971661017893319
28109384820130894 254346142584959712
9541900378841040 104813332524082530
110234426548806189 258492774863126664
513145664213572224 282232208263900845
165661080542498648 60162561688991259
250494390896313600 426859638667630710
827868929196826620 60626078984219758
214756860706892420 385485185603595410
162691855284425880 513417391111817010
86327512025035092 15611839157078372
614664199487080391 520449598402887150
985867945323863304 60184156312667608
5549196821437160 43822680074758046
329403076339287897 2031541277827128
209635132941668412 13964643435325590
370292846741162052 71178316957832779
704833839426807900 24395992480839804
29736092984087025 366508710620394255
781091291857479072 384675215258991966
947365694840802688 151158291898931028
30032252941268237 286367171092353011
47081526747578266 231754150312040886
43250868499150560 131096771286992190
152224394382495008 311585537428802337
110840790656527162 161020036714701210
581187383730958284 73521636972480059
976800865389726675 16740201682491822
311038541398971310 6432894761797888
290722197457499967 80804484629862540
9446180824499120 86735157522794000
298851277801044504 763417470706306214
92383369974695280 39943801559078716
155688557806381116 9335598264563450
445848802549751409 21366774479748249
166376315863052885 57436897866214788
630505269514426216 856463000019429775
452031364484077088 77957443728958536
106826758857479136 146037239965704906
14582862518067648 590111918570134400
235367712253284705 461605209602523796
448373017715646800 491615003270745640
676451510121524226 56396644303625976
275416426658278120 675900805197463702
215516324538942393 30536160661038945
244805375068059904 43768227643516927
665201712246806202 50481898278497919
98262655156164478 129875142159380720
33250753770966404 286778763945289177
10367090402008708 140694764617556347
77975327995079034 200993152252200080
773327325094034412 463542224071260698
128897514908743774 229400902401219850
537828938267793012 834392173173730288
328255683443297236 167352055135036632
74408062064535936 538137931220148045
31636793900118775 8854469818340795
425968529812889172 706739454796717602
156408282734833975 20213333644025088
267052768691603000 155168689833822840
216281570097962061 290146260858134510
326591062046436564 765108632792050204
11088938272993230 435042864249192531
596762736518799972 266625168113373888
446960674606633644 249118894999981116
888275306323067220 109600107319761084
167676496023674638 24716573017658880
29106630043779621 39229775001439477
387714588295292712 124398387373469994
342650950245175120 399740114212263660
701854518115312959 142382451185131360
16342576020510264 295191144853255442
460219098394071742 26333672693379103
640178798752433295 199600970078634198
76741967707703712 137981355437029059
213751342134293388 206455079616025019
164165627623289020 188975560970153027
50981165820818975 95912417922554430
95761766288361166 344386483017789720
231087011502834574 170448297516824640
322092492767109275 549979459597520420
59491490205812839 795939299519043897
91777069808353896 110554851734718750
470889477920232896 45542013568699840
56653588349579104 30583129727129808
588593189737248150 460656117478838594
70465862440162250 289020758880573158
386042721817895514 565283988843926080
164999569133244937 684471566513087264
593903523145117120 467438876702124211
99397694824263450 460691486621483090
317086438047411884 802057738209196032
381091694139666864 197422487053897682
602400195246339534 128266717128696063
153596128835976204 13274897960110864
547545992481197531 26121060778577541
