198
537041570694389075 -455705184237579766
440079213226586036 -481400475874852202
64824708915958725 -86568217145269635
-254467497513017250 293488592791938936
18159064576279992 -281416611450782925
220720330472970244 23902202127598692
-454801725961787397 51418359337609594
-400904092324953561 432439774192410912
-107095876364587512 19570952528640288
-369993986963838797 -836778702783726541
-462967552463362456 559402750775242452
-416476638245835684 83271446211030615
403043480186848485 222043338950540730
-46282055993605308 -181226236019260710
451028856865758012 -411429543941985332
161356359155130000 -42643964148427514
-197306984284825580 -133973401462401286
-274171753640255676 598413420299269913
623222841285290760 327984849374371650
-113528629394296196 -285152035593302337
117252431360120160 -622229852215289610
-36923823823084580 -67725296637324660
-67387352470396528 66843346192190029
399806744112223875 -628762644035276544
-247913031676003056 133348979573979136
5480420356339200 -92672383971851320
-533464722555398640 -170474944754308441
640637943248648030 99943036737882210
569020302926941399 308522858715957150
506055448548166682 80487170216802594
-137168458959778512 -910029520719405323
60519235523564878 320264245324769255
-60078168967511084 -293766785199618621
-373781060540665416 -180611831429643264
38801507239105171 -122410698078750909
614496234566002646 492941403162577150
-593886412887109375 -482239222061818417
-10517179283147162 32614958799194096
-24423622539437628 -76785183171744552
-291089244316032880 294919084791732168
-111520123795474923 -164910565754369166
663805145188002840 15216931797272961
-69105093097031322 204976580443718076
55730699812775952 -333091485746115712
45591089989080938 450516212709272118
-368403624973402380 8379285839541036
-382870276394894400 -312631992946762730
97813463303621040 22479621907783680
-128314662940910658 -150074724276822184
-613436269498034088 136476407148343240
-34961652797854172 -489245307508756065
-87829374423571920 765348444705675160
-240446882819579971 -833247214830198656
-772013988335212406 -370157331071807862
-68695319545382314 309880670559579168
119576558991869656 -33109078976352899
-2239240770204240 -291605118160967985
17116590551894960 6822516595206355
31545239192685376 -41086668820053190
79402060956995451 24988297587313556
-230927440209979437 690865949950672314
144711750157499437 -176740526711924838
687558863237311611 -498065425824922615
331910177202574992 -920520530962725992
187429050480148578 739542684631391730
346323071107232480 37430276019087147
59202139779241092 38282217150602750
-300460248184100928 476053750850850220
-239433795995228952 263257620198306096
439576605792250590 -146392471463649934
682920728708525664 -997067350655821445
-133396168051527495 88903364216602716
-381940961629946631 494958820911721740
1187105753727750 308661197748235990
36404667861550182 -12875254501560366
-143166905945784824 48887788118965460
-366143290764685236 664567780585520240
-418927196879867448 -591343364888890659
129169691420054400 -62211436735811846
-24686340549402180 43746443596309779
66690679529732550 -39373724702608648
-539382281335701504 -5954440117144929
-77815061999784320 -69994116004176352
218479925376071450 -5083142369856608
191677513620471648 -923155030284068120
4523183189158526 -749232953059265442
-16510556145863264 287487243426283426
-159400790837707331 -733661694884797668
-160645367343757335 10541912556643680
121803418859390561 -13215114050211024
-102409372251566985 610837220697413820
12915438127694874 396527990670569310
-536296932289346604 276052876132801735
-33560213351477472 219980960598299940
-12356212886234240 -359522259796909316
42644972438611940 313431808908720780
46720197006533748 -166412221064491783
-63675002928834402 216245573411183136
-413015073126111463 372286522968503900
268258058841784830 -89503589980639219
932308034670214848 385466050030291059
-1621327291077100 49052063987589760
-31226504334813258 -333487020745775133
-94712756840451288 -46167898410768006
-269873903906609838 -27670358073364368
494491385782994182 -57037590889179600
-352438013465677213 -356248018100960024
199271190085694834 -299324944331902858
497552545881968368 544749744906083554
40441848992049291 -222574972863369060
-73187381401057380 -115258518210256524
507724156140007323 14910702889480319
-76541980096690596 -145872769158958548
-789009333062162128 -815952028457210720
-1262658364179912 42438324633944795
705864374029468797 -131442163551727557
-129651775375542954 723445077562579626
-128112569246182761 -729075710532646635
-54795665341572993 16024893474747640
-213522060296375625 305472620170132370
-259713932995965876 9414540588814914
-827296110645495512 320516720171552590
-48136475244994232 -199667389143202596
-193946378366175034 22173841957083525
35939497489482488 -29103868403114995
5301321137584088 456446160500759288
349939038426525968 -485235863381473468
-376192178613984735 -310513173062758937
-49077914400299564 -536039426364262296
409576494073239666 -631745318564487349
-435526418162924418 -646692469372916712
706246633954313875 199834219982614230
183598331852553130 -644076327846824873
71066503796882808 -290294681365907923
-472201525511857545 42203303612205498
-115482905544749796 -253458910524050154
-526741176457155135 -642622120654257916
241499935424359200 -290660163380612830
-210127640850493359 892994568017052537
-527904597110053176 -124822492621281842
-33502193384887368 -20834589655358494
127919412588171556 180786604415404404
489382090913680848 -92344986305405988
-767367220754277906 132231765624977058
-210177644050864215 53146794287585784
-137815836221780960 -436736995732960634
359731013357790550 -48022556512917120
114135201397036638 -94769265245930555
110672675540898078 144274147562486448
-127284349722127242 -225616182399487044
-33014562912454257 -341577108658272528
87066716828324736 726829701231502176
-28775443936641285 -19918223463402300
-20445530636194785 131758230072424296
150517873933421205 57297259138981752
60023460977362792 -899473696420885617
616692186314006796 -215337477860839646
-379657867166401604 285272003410847180
-626213316265771422 36695349604797619
-93694043276838444 73172706924551458
207474212758440432 210651008701040579
122935484075064504 264425563473936264
-357615009613357696 171626338013347030
-155576427916276453 -411126795839491716
248088699061723478 -334688811442235500
-65331603066189719 -53906780134788568
269614660057708270 4431470872808154
38311142778811338 -319144655694843440
-284176495747446867 -401575317142564518
283417280427704758 239235199713674518
-327225067959418002 -63051466249136725
-717998886926555433 689248888240642268
149577437278858274 -195756599096351985
-209466907059572227 -262805838993443334
-53006818308287107 284449216289886970
-90770139648407711 -28014169800483625
291901204859346150 -106441426152823020
-54090387204028638 -4460492363830360
348335318469218954 507540503180741760
-86454916481132969 -13384242560383794
-140053377988353648 -724476026396923416
392099596839690393 69298089814184880
-383662620250646880 119636168364691940
-275989740944800113 478878086945879604
-383995306413208035 -553398722726491005
-245098316684236032 -295014947401057900
-440448288088326840 -222750503635587636
-268008798951282475 143227913084305993
89028610726081820 336551349105316520
637959544447908290 106350917451612400
-40625110915601572 114827780512874240
-189269325103980860 261892472293660491
117441813214577194 -351073522964206108
371286269702533710 309449058493037505
442710059715608944 430180069829478780
-437261791273800193 625319279128302593
-604867814335799469 -1879838807140210
3845715473602605 25513729162959762
