200
82534483 60035435
46431002 64737173
95493954 67307729
63027586 17602610
55805297 25642806
19124474 72098467
63226683 42063416
80194889 50331369
68453755 98789124
46370010 55231978
8645080 95461833
65496376 69650628
97192292 62890037
47888806 84062042
59406095 26168823
43028075 43141316
90730061 65511251
27790231 20555781
29317200 69037445
51456845 2693691
9142192 9729856
35068224 58157913
37345290 24116817
47098727 47454618
79366206 31183877
66581330 3414263
30858779 74730406
21898920 61840307
2952654 89499137
79999935 36566476
35894661 64263410
79957025 18516364
48049062 71498686
6786262 93142768
96560538 82687972
77060146 38894177
99732518 56469792
55108878 29487068
82752491 27190634
28367994 79623357
25571581 19242288
96728347 46866202
24655434 88861393
16556754 14575709
57085978 69426756
79715079 88453797
67977387 55608195
78442584 47792471
50570665 85619965
57884173 63175320
44609660 25169710
39285364 42460391
94813716 44479262
51160736 11597665
17893940 65578954
68219572 7961220
97949196 86448318
58494343 34741396
27024293 23143307
17328631 38814992
69113465 49765958
87359413 86097451
42478041 82875376
56178026 39114870
5068685 47253553
92501871 48185154
26348319 50247588
74467667 66470410
72186796 36876906
58119734 19405102
92971539 37848477
26499426 35413576
45458323 45755127
5515453 79273394
38100078 26042906
81476969 56079877
11439655 62013492
6305288 12922017
4333120 91849856
62711171 11388968
81364114 90378166
63878994 76398623
62838488 991889
8313117 53471514
51572806 12312143
416544 30904718
73914569 84485940
73846465 49263941
58847205 20613908
85733149 77033889
94806499 56557747
24344147 24779380
19778405 79553377
29427023 36559154
87850020 38912878
89542642 46600116
12521721 6823104
9724403 65281904
59480290 4974890
24574971 3959871
84580106 60129030
60463499 34753725
89699490 56574417
43848468 47490473
13366072 97752404
52685258 40321963
71020092 63187356
3225351 18918830
19214464 33849592
7580594 19175231
64223421 43656697
38802166 37461068
94620687 51726989
78277760 21770375
32335718 79074225
75217480 86642644
64606021 58944218
36498620 30172901
79964629 15891622
80820622 69860293
73472210 53105412
1862413 18225686
56213707 5027593
33495729 70649055
19072431 24544343
33607551 2143718
94084443 88720742
23183040 65858872
8176638 43308381
85891413 10977682
65546690 77022049
44092204 2212607
95840820 98134534
63417843 84626786
47461027 13487859
44707195 40576978
40706804 20884301
65642542 70462229
98038464 56737868
46126743 54073688
91887916 56876192
37203965 21274496
22304045 93631729
97298598 50764470
49268754 89123969
54612371 13515479
1433385 15663232
30581482 93053203
45456408 30091206
39360887 23594345
58150737 63558913
5983258 46989582
27109072 3380360
13159785 46086893
85901677 3639459
35268102 53761626
25825610 77938203
32338525 96879436
9513345 14803669
73842135 47806722
77219992 28650520
74633101 46915480
71621348 75119189
23569624 12308042
17479216 44092760
99321994 61925440
14719259 17286159
98334894 39461561
86539963 60899305
50501115 57464297
67454462 41715521
5698617 65041942
40937521 98001683
48805605 59670133
648841 98087005
54910611 2247524
9334969 95702912
46611333 65662225
18463524 19652877
43697177 49909728
52954034 18854148
88858969 25197341
56804926 62607195
92269938 31632925
31104230 17056167
46898976 1067829
5944253 82479982
98986088 98807256
99064618 37934279
26799311 82409296
82501532 99764673
5746463 69748506
78612922 82307054
8354231 87287429
47327272 55611132
79782913 85194526
34714620 43653893
69257010 2001724
13416961 50637862
95216287 47641713
