181
458533888279139112 -166064455805592216
-848427838524238161 668502228659916441
147045268577199503 -861336580844869326
-699593114922049216 -168362888728805238
-31499198269672830 -54647555809192584
-214360129423382436 -376480916099031440
-324790157313889146 -29602035904511268
-429910924311745050 -704527470819183328
765514460349886 -255969638992600488
-28694017232809230 -646290873955639203
-130771527873748608 55207056683329290
246723360311115652 -354486514874071775
-132552332796904254 -136143572084439822
79001776766469018 56111660132925565
-325833954406465550 -74559303255934919
-363936126224776650 -447579416660940000
-29162474042650328 -384154782956697012
457907696093160870 377962035552470026
950217269435737875 496856136585587325
-418666261223187896 323779129833518608
59932279106587800 -341534857086782249
62114423120925192 212680107150485320
73516990107820875 -29727371457956080
-235583557579171328 -74387834249512440
-371705355803178522 440796971451029336
243608484443945200 -315014222914564096
-29969143081767981 167155416440283625
-632371554480598482 -32046567465930840
848763224402517801 158383229646077208
570579693335757500 -108328361223862442
-34614961759771302 6233923251604224
-190672343909994268 -120816468538103536
226689195067522362 -693847560247419944
483221850507525246 78773829286409370
9521924973122610 243711955875510175
226287540277464840 292599111949932144
567026769959409040 -212143400892690244
280366071177168782 -189841847309367132
-374069432403441094 -141421185912761688
5333734316811402 597183776938869729
-326254777781940 -490264868172446100
-10999561049471718 196990648781793256
169225094523060664 -731206491457831605
268689900327669504 135998761420864076
-233535530877882354 -354774230942462122
-349964406594307240 -2425857968681229
-63590613722626772 -900616916247416036
-14199008571743640 876971506465654561
560320859205451926 230184945624912174
-396186698365709000 -511946441416684404
-333907921546398185 -186511021952724720
39094786298149634 35262592228393222
-339983205298207799 -427675347427923945
466663050096748440 -262292137090446768
536803975745031428 72892554292601322
-126723644548516470 -635531153072581624
121727509480886526 71390135359263336
-265780162617991989 -104958717005457502
139810230574475310 -23505004542938193
255143264576208750 -754275978769717651
-308259569669335013 -166319684826533399
-182209940425982124 -311229447024937820
-102242671543530144 7184406481891122
423341335231499380 215589460212857160
-220528348797020484 170152315043062225
423187687506964289 -120334889028979770
-24779645435875995 -45204082248750048
-331761998996947685 319850837413000600
183215339313916245 142947333310525962
-112126264056378828 -238854249259881060
553691841637118976 139930137571900710
907639086158496386 -258093106178506152
-190848753885693060 274322476782049680
26002023035160658 -139172654652911685
-637937001458705820 502076802793388000
-223581575166433120 -404987728333441552
-266942139643473931 -74283173612617872
43248201519477488 -145853221758288945
103022737055078064 71524509048110010
76872298638613594 17380188806669449
594439853777340676 71314674986065798
-2326002413441454 -585251274312050220
980502539833780768 119317198661788360
37213896518951292 -215632238790757446
194173845338988119 552458377477197160
-98271247483580592 115846294400308290
250697533787094982 2959805779346773
-10906692490670164 225836051626050242
96833761836333378 -71326294833020316
204392357903838435 643270671163610645
350237145630343885 177207623148321584
-338008631478288075 405772932074672280
937301102623206088 -389677903967079336
-20203176910257413 236721873059888788
-9884635552923248 -11566392348781953
-212849413239194415 -63159988732574072
380608822489407708 2851557606886884
-460499609566228428 -222487439540883611
4809484144532821 10118614039606122
227457859156818238 -638972533646650112
56101170251419415 -305816089292837072
13993298018059652 -731226708666731420
454992260175938100 -318039965527633853
-593098833626835864 -13407985291599444
-245672170469897637 -41283516957972709
-878525237336456150 227914131994685505
395746577336540318 825259390285762362
-145891718694407680 -501216751213086853
610016927715154014 -587064462697188680
-137363980494437450 21512858905923220
404205928856878593 8078897061133822
274911263652950903 -615526818453233400
-347174558718444226 248471561324431989
71756727795510593 185967763179705402
128129096168983646 751944631707767190
-173146241330545348 -54940981655525710
-166293621914213424 -253362828531048066
-419942713036816320 -689246746810726698
166634691780364580 -34942567221475800
196611297436480919 89885903072928935
195028535380953505 332206068368852616
-134420687408922092 54603916327429590
435244839350484240 -663801396085563762
-805141698825166650 147823754759960301
-29838933920912424 -179546596708881500
-143906683828780224 4505124495859890
123316581471361095 108356455008854220
-247617232885350188 -109507645459479876
-817621887076938866 640673112891348783
539878616716870347 -111087247967994214
511876731249782792 -130490712809208574
-103260882919562720 107328657339996348
-12091678970562367 359275816079659180
-185325735061954431 -204354441219176105
-209125949361758730 41181700217024859
467328292218800901 599305891797667140
29821335643313248 112831487799352806
563831416350732460 91479875800599420
36661901135278444 -311272139764251083
-310743958784472906 90187083226403946
46834179400210800 -388003143416018028
-788556581977637484 513551890279647060
373583762805408044 356324565910101012
8865946051367742 -131811961470846912
-275673188053085526 521036438336095414
186902347705962704 -228120946797138024
367050439745094828 -16980157153015623
365894935625624289 259890755054644710
518887347176194378 634981994991677651
-599160510450865740 -942119125015267740
62461294614455488 5812894624707066
-241097318569562958 -3923095232448140
56837622287883444 -98998651870143053
11452391281641115 -269469295862280960
87063268429838508 -461254548742712000
172167473006162088 -870046726310300280
371671231183200160 177321484524036416
-46550488385830912 -403851535926029832
364692235264672810 -401366000483510608
448700899426773800 149926892397485147
40562919340131660 -2333593178192127
133917796738122696 -51985192711107500
221982280007710845 -460533407665910725
-239496217405235545 19207505334530160
-92836171788588701 242323045964183587
436547598797109920 143853085962815280
566522145252408852 -143842762726972470
46620273740505975 -928313490097100821
199083043811153754 458234826558998662
-90266711387654830 241738033960592284
-20832240260928960 -180561648550208844
72499094545328325 130018481556051648
626697523134735036 -25283400964155835
594615860226678570 157420655370861756
-845702289792695724 -18209532881983187
-181133945194873740 19843132804164344
-95418280518610742 -34518986381380789
24327574040286426 -138420858224006925
-111447670575117070 -324073753373181801
76484296119375294 583438777741327060
-427263694078070080 70297582444486312
