168
27124599 62092719
18122828 86425280
-79111407 -39248444
-45011887 -95016409
-86008565 19201445
80078264 -98494741
19355712 1194528
-76181395 -55591315
-3204063 -58129945
86926948 -30546851
91976581 2068614
26264157 -45627671
-93297432 -45317090
19701476 91531132
44192143 34122421
-68264954 -98189293
-70521292 -99131752
94586847 96723103
-5991460 86026268
87412778 -89891923
85278656 -40715537
-71837598 73278293
87902849 -97108732
78569983 8196246
83286529 68303570
62249050 -73235426
-65320158 51758546
3580770 47441078
89056071 -76543648
62231054 -99997675
66267864 -49853663
-56894611 49743841
-28643714 -73002474
-49850003 -32164843
50363646 74410173
65395098 37989850
-34222407 44506414
-14538889 49847500
96121447 -46647709
-75016160 25241982
13788796 -42287985
-586890 -26942808
-43619860 -72376879
-18654108 73853794
45370790 64286646
-21190850 99437508
97404784 86471608
45296992 20609852
-62924150 8476789
-6810501 52582181
-42929114 -62700237
56249216 -99118686
2594407 -55132491
3987352 -5055981
22735176 63129041
7573444 -38855483
-78217000 57209908
-23270649 -43326329
84883319 -58585696
-83861155 34445573
-64797432 -69764692
-6414373 -74191749
-6778530 -99284964
47532292 -29343468
5233534 8843576
37877943 27716285
-47973142 -3375362
7274891 58756565
30653431 96894594
-11659481 -51892263
-79887995 22627123
-9825100 32796629
30450385 -94905678
32465605 83985578
7189854 46873368
-76588303 64269212
51588656 -37680578
-3570251 18511011
2181603 90166566
90252045 -20137704
-10397826 -60744826
48682333 -16123448
-37139718 -69220389
-26010689 -27920198
29064135 -56090150
37284966 18450948
-13406289 -47878786
-27814657 37818689
47487063 -68081144
6106627 -78044288
61908003 -41255692
-39460733 -97788961
-75304724 -64930346
-26449230 89202838
67343208 -28778815
17830177 -89047873
24776002 -2884708
-41881471 59912956
15558653 -21904093
-63844682 64488610
31478968 -45049957
-8846685 90186987
-2569506 55439235
51566225 -83988084
76534418 20311664
50283471 85826657
-34219806 -66119937
27563895 68782223
-81042826 5439430
-64742718 79209680
77125796 -57307
-60875465 85967
-70362276 -31226161
-74611766 16365711
48202073 69724912
-58498097 25621208
41857956 -33232506
30064338 41272145
-12790357 77235174
57469834 26942572
-35402324 99849452
-73146430 56340932
68953009 34868381
-39996586 -84114135
5564246 -70326494
-62456890 43867085
34943199 -82919852
93977265 -47933605
39425670 72634397
-6004631 -52541030
7335275 36254477
-39058061 20372465
-8505430 68449423
-6685394 -34595010
64258356 39306592
-86957694 69051160
64724608 59623575
-58517084 1086761
65744926 7500195
62125219 -49995758
87327083 -96710803
-39465814 -1198606
-56535173 -2848387
-77959782 95360158
42321328 58520413
-49604558 71764209
51225755 -38981100
25977603 78400984
-2484137 8156401
25128586 16761002
-89456167 61577397
-72860683 38483566
23090141 35916220
-97343067 41506045
-62784210 85349322
-44522226 24500444
-30129801 -31159080
-17605792 52649722
-86127313 -21823483
38951542 -35706318
64613642 -51295787
-42373086 -66110131
66823461 89539150
-26075674 81129353
-17942919 -62002385
-95098627 -23157897
49417835 79277452
86891977 88784242
